Test
0.000;(0.000,0.000);1.0
0.230;(-0.788,0.616);0.9
0.399;(-0.689,0.724);0.8
0.569;(-0.625,0.780);0.7
0.738;(-0.572,0.820);0.6
0.906;(-0.524,0.852);0.5
1.072;(-0.478,0.878);0.4
1.237;(-0.433,0.901);0.3

Test
0.000;(0.000,0.000);1.0
0.244;(-0.928,0.373);0.9
0.416;(-0.896,0.444);0.8
0.589;(-0.869,0.494);0.7
0.760;(-0.843,0.538);0.6
0.929;(-0.816,0.578);0.5
1.097;(-0.788,0.616);0.4
1.263;(-0.759,0.652);0.3
1.426;(-0.728,0.685);0.2
1.587;(-0.696,0.718);0.1

Test
0.000;(0.000,0.000);1.0
0.209;(-0.694,0.720);0.9
0.369;(-0.495,0.869);0.8
0.535;(-0.384,0.923);0.7

Test
0.000;(0.000,0.000);1.0
0.174;(-0.996,0.088);0.9
0.348;(-0.988,0.153);0.8
0.521;(-0.979,0.203);0.7
0.693;(-0.969,0.249);0.6
0.864;(-0.956,0.293);0.5
1.033;(-0.942,0.336);0.4
1.200;(-0.926,0.377);0.3
1.365;(-0.908,0.418);0.2
1.528;(-0.889,0.458);0.1

Test
0.000;(0.000,0.000);1.0
0.211;(-0.890,0.455);0.9
0.382;(-0.828,0.560);0.8
0.553;(-0.785,0.619);0.7
0.723;(-0.747,0.665);0.6
0.892;(-0.710,0.704);0.5
1.060;(-0.674,0.739);0.4
1.225;(-0.638,0.770);0.3
1.389;(-0.600,0.800);0.2
1.549;(-0.563,0.827);0.1

Test
0.000;(0.000,0.000);1.0
0.159;(-0.813,0.582);0.9
0.330;(-0.714,0.700);0.8
0.501;(-0.657,0.754);0.7
0.672;(-0.610,0.793);0.6
0.842;(-0.566,0.824);0.5
1.010;(-0.524,0.852);0.4
1.176;(-0.482,0.876);0.3
1.340;(-0.440,0.898);0.2

Test
0.000;(0.000,0.000);1.0
0.102;(-0.955,0.298);0.9
0.132;(-0.900,0.436);0.8
0.164;(-0.854,0.520);0.7
0.197;(-0.818,0.576);0.6
0.230;(-0.788,0.616);0.5
0.264;(-0.762,0.647);0.4
0.297;(-0.741,0.672);0.3
0.331;(-0.722,0.692);0.2
0.365;(-0.705,0.709);0.1

Test
0.000;(0.000,0.000);1.0
1.006;(-0.496,0.868);0.9
1.039;(-0.487,0.873);0.8
1.072;(-0.478,0.878);0.7
1.105;(-0.469,0.883);0.6
1.138;(-0.460,0.888);0.5
1.171;(-0.451,0.893);0.4
1.204;(-0.442,0.897);0.3
1.237;(-0.433,0.901);0.2
1.269;(-0.424,0.906);0.1

Test
0.000;(0.000,0.000);1.0
1.006;(-0.496,0.868);0.9
1.039;(-0.487,0.873);0.8
1.072;(-0.478,0.878);0.7
1.105;(-0.469,0.883);0.6
1.138;(-0.460,0.888);0.5
1.171;(-0.451,0.893);0.4
1.204;(-0.442,0.897);0.3
1.237;(-0.433,0.901);0.2
1.269;(-0.424,0.906);0.1

Test
0.000;(0.000,0.000);1.0
0.230;(-0.788,0.616);0.9
0.264;(-0.762,0.647);0.8
0.297;(-0.741,0.672);0.7
0.331;(-0.722,0.692);0.6
0.365;(-0.705,0.709);0.5
0.399;(-0.689,0.724);0.4
0.433;(-0.675,0.738);0.3
0.467;(-0.662,0.750);0.2
0.501;(-0.649,0.761);0.1

Test
0.000;(0.000,0.000);1.0
0.209;(-0.936,0.353);0.9
0.244;(-0.928,0.373);0.8
0.278;(-0.921,0.391);0.7
0.313;(-0.914,0.406);0.6
0.347;(-0.908,0.419);0.5
0.382;(-0.902,0.432);0.4
0.416;(-0.896,0.444);0.3
0.451;(-0.891,0.455);0.2
0.485;(-0.885,0.465);0.1

Test
0.000;(0.000,0.000);1.0
0.209;(-0.694,0.720);0.9
0.240;(-0.640,0.768);0.8
0.272;(-0.596,0.803);0.7
0.304;(-0.557,0.830);0.6
0.336;(-0.524,0.852);0.5
0.369;(-0.495,0.869);0.4
0.402;(-0.469,0.883);0.3
0.435;(-0.445,0.896);0.2
0.468;(-0.423,0.906);0.1

Test
0.000;(0.000,0.000);1.0
0.209;(-0.995,0.104);0.9
0.244;(-0.993,0.118);0.8
0.278;(-0.991,0.130);0.7
0.313;(-0.990,0.142);0.6
0.348;(-0.988,0.153);0.5
0.382;(-0.987,0.163);0.4
0.417;(-0.985,0.174);0.3
0.452;(-0.983,0.183);0.2
0.486;(-0.981,0.193);0.1

Test
0.000;(0.000,0.000);1.0
0.211;(-0.890,0.455);0.9
0.245;(-0.875,0.484);0.8
0.279;(-0.861,0.508);0.7
0.313;(-0.849,0.528);0.6
0.347;(-0.838,0.545);0.5
0.382;(-0.828,0.560);0.4
0.416;(-0.819,0.574);0.3
0.450;(-0.810,0.586);0.2
0.484;(-0.801,0.598);0.1

Test
0.000;(0.000,0.000);1.0
0.227;(-0.763,0.647);0.9
0.261;(-0.744,0.668);0.8
0.295;(-0.728,0.685);0.7
0.330;(-0.714,0.700);0.6
0.364;(-0.701,0.713);0.5
0.398;(-0.689,0.725);0.4
0.433;(-0.678,0.735);0.3
0.467;(-0.667,0.745);0.2
0.501;(-0.657,0.754);0.1

Test
0.000;(0.000,0.000);1.0
0.227;(-0.998,-0.064);0.9
0.258;(-1.000,0.002);0.8
0.289;(-0.998,0.055);0.7
0.322;(-0.995,0.100);0.6
0.354;(-0.990,0.138);0.5
0.387;(-0.985,0.171);0.4
0.420;(-0.980,0.199);0.3
0.452;(-0.974,0.225);0.2
0.486;(-0.969,0.249);0.1

Test
0.000;(0.000,0.000);1.0
0.230;(-0.788,0.616);0.9
0.264;(-0.762,0.647);0.8
0.297;(-0.741,0.672);0.7
0.331;(-0.722,0.692);0.6
0.365;(-0.705,0.709);0.5
0.399;(-0.689,0.724);0.4
0.433;(-0.675,0.738);0.3
0.467;(-0.662,0.750);0.2
0.501;(-0.649,0.761);0.1

Test
0.000;(0.000,0.000);1.0
0.105;(-0.978,0.207);0.9
0.122;(-0.977,0.214);0.8
0.157;(-0.974,0.225);0.7
0.192;(-0.972,0.236);0.6
0.227;(-0.969,0.246);0.5
0.262;(-0.967,0.256);0.4
0.297;(-0.964,0.265);0.3
0.331;(-0.962,0.274);0.2
0.366;(-0.959,0.283);0.1

Test
0.000;(0.000,0.000);1.0
0.105;(-0.978,0.207);0.9
0.122;(-0.977,0.214);0.8
0.157;(-0.974,0.225);0.7
0.192;(-0.972,0.236);0.6
0.227;(-0.969,0.246);0.5
0.262;(-0.967,0.256);0.4
0.297;(-0.964,0.265);0.3
0.331;(-0.962,0.274);0.2
0.366;(-0.959,0.283);0.1

Test
0.000;(0.000,0.000);1.0
0.105;(-0.978,0.207);0.9
0.122;(-0.977,0.214);0.8
0.157;(-0.974,0.225);0.7
0.192;(-0.972,0.236);0.6
0.227;(-0.969,0.246);0.5
0.262;(-0.967,0.256);0.4
0.297;(-0.964,0.265);0.3
0.331;(-0.962,0.274);0.2
0.366;(-0.959,0.283);0.1

Test
0.000;(0.000,0.000);1.0
0.105;(-0.978,0.207);0.9
0.122;(-0.977,0.214);0.8
0.157;(-0.974,0.225);0.7
0.192;(-0.972,0.236);0.6
0.227;(-0.969,0.246);0.5
0.262;(-0.967,0.256);0.4
0.297;(-0.964,0.265);0.3
0.331;(-0.962,0.274);0.2
0.366;(-0.959,0.283);0.1

Test
0.000;(0.000,0.000);1.0
0.105;(-0.978,0.207);0.9
0.122;(-0.977,0.214);0.8
0.157;(-0.974,0.225);0.7
0.192;(-0.972,0.236);0.6
0.227;(-0.969,0.246);0.5
0.262;(-0.967,0.256);0.4
0.297;(-0.964,0.265);0.3
0.331;(-0.962,0.274);0.2
0.366;(-0.959,0.283);0.1

Test
0.000;(0.000,0.000);1.0
0.105;(-0.978,0.207);0.9
0.122;(-0.977,0.214);0.8
0.157;(-0.974,0.225);0.7
0.192;(-0.972,0.236);0.6
0.227;(-0.969,0.246);0.5
0.262;(-0.967,0.256);0.4
0.297;(-0.964,0.265);0.3
0.331;(-0.962,0.274);0.2
0.366;(-0.959,0.283);0.1

Test
0.000;(0.000,0.000);1.0
0.113;(-0.833,0.553);0.9
0.141;(-0.730,0.684);0.8
0.171;(-0.648,0.761);0.7
0.202;(-0.585,0.811);0.6
0.235;(-0.534,0.846);0.5
0.267;(-0.492,0.870);0.4
0.300;(-0.457,0.889);0.3
0.334;(-0.427,0.904);0.2
0.367;(-0.401,0.916);0.1

Test
0.000;(0.000,0.000);1.0
0.113;(-0.833,0.553);0.9
0.141;(-0.730,0.684);0.8
0.171;(-0.648,0.761);0.7
0.202;(-0.585,0.811);0.6
0.235;(-0.534,0.846);0.5
0.267;(-0.492,0.870);0.4
0.300;(-0.457,0.889);0.3
0.334;(-0.427,0.904);0.2
0.367;(-0.401,0.916);0.1

Test
0.000;(0.000,0.000);1.0
0.110;(-0.836,0.549);0.9
0.143;(-0.784,0.620);0.8
0.177;(-0.747,0.665);0.7
0.211;(-0.718,0.696);0.6
0.245;(-0.695,0.719);0.5
0.279;(-0.675,0.738);0.4
0.313;(-0.658,0.753);0.3
0.348;(-0.642,0.766);0.2
0.382;(-0.628,0.778);0.1

Test
0.000;(0.000,0.000);1.0
0.110;(-0.836,0.549);0.9
0.143;(-0.784,0.620);0.8
0.177;(-0.747,0.665);0.7
0.211;(-0.718,0.696);0.6
0.245;(-0.695,0.719);0.5
0.279;(-0.675,0.738);0.4
0.313;(-0.658,0.753);0.3
0.348;(-0.642,0.766);0.2
0.382;(-0.628,0.778);0.1

Test
0.000;(0.000,0.000);1.0
0.101;(-0.890,0.456);0.9
0.118;(-0.909,0.418);0.8
0.135;(-0.920,0.391);0.7
0.152;(-0.928,0.371);0.6
0.169;(-0.934,0.358);0.5
0.187;(-0.938,0.348);0.4
0.204;(-0.940,0.341);0.3
0.221;(-0.942,0.337);0.2
0.239;(-0.943,0.334);0.1

Test
0.000;(0.000,0.000);1.0
0.102;(-0.210,0.978);0.9
0.119;(-0.236,0.972);0.8
0.136;(-0.253,0.968);0.7
0.153;(-0.264,0.965);0.6
0.163;(-0.351,0.936);0.5
0.181;(-0.350,0.937);0.4
0.198;(-0.347,0.938);0.3
0.215;(-0.343,0.939);0.2
0.226;(-0.401,0.916);0.1

Test
0.000;(0.000,0.000);1.0
0.056;(-0.938,0.346);0.9
0.073;(-0.959,0.284);0.8
0.090;(-0.969,0.249);0.7
0.108;(-0.974,0.227);0.6
0.125;(-0.977,0.214);0.5
0.142;(-0.979,0.206);0.4
0.160;(-0.980,0.201);0.3
0.177;(-0.980,0.199);0.2
0.195;(-0.980,0.199);0.1

Test
0.000;(0.000,0.000);1.0
0.056;(-0.938,0.346);0.9
0.073;(-0.959,0.284);0.8
0.090;(-0.969,0.249);0.7
0.108;(-0.974,0.227);0.6
0.125;(-0.977,0.214);0.5
0.142;(-0.979,0.206);0.4
0.160;(-0.980,0.201);0.3
0.177;(-0.980,0.199);0.2
0.195;(-0.980,0.199);0.1

Test
0.000;(0.000,0.000);1.0
0.056;(-0.938,0.346);0.9
0.073;(-0.959,0.284);0.8
0.090;(-0.969,0.249);0.7
0.108;(-0.974,0.227);0.6
0.125;(-0.977,0.214);0.5
0.142;(-0.979,0.206);0.4
0.160;(-0.980,0.201);0.3
0.177;(-0.980,0.199);0.2
0.195;(-0.980,0.199);0.1

Test
0.000;(0.000,0.000);1.0
0.056;(-0.938,0.346);0.9
0.073;(-0.959,0.284);0.8
0.090;(-0.969,0.249);0.7
0.108;(-0.974,0.227);0.6
0.125;(-0.977,0.214);0.5
0.142;(-0.979,0.206);0.4
0.160;(-0.980,0.201);0.3
0.177;(-0.980,0.199);0.2
0.195;(-0.980,0.199);0.1

Test
0.000;(0.000,0.000);1.0
0.056;(-0.938,0.346);0.9
0.073;(-0.959,0.284);0.8
0.090;(-0.969,0.249);0.7
0.108;(-0.974,0.227);0.6
0.125;(-0.977,0.214);0.5
0.142;(-0.979,0.206);0.4
0.160;(-0.980,0.201);0.3
0.177;(-0.980,0.199);0.2
0.195;(-0.980,0.199);0.1

Test
0.000;(0.000,0.000);1.0
0.056;(-0.938,0.346);0.9
0.073;(-0.959,0.284);0.8
0.090;(-0.969,0.249);0.7
0.108;(-0.974,0.227);0.6
0.125;(-0.977,0.214);0.5
0.142;(-0.979,0.206);0.4
0.160;(-0.980,0.201);0.3
0.177;(-0.980,0.199);0.2
0.195;(-0.980,0.199);0.1

Test
0.000;(0.000,0.000);1.0
0.056;(-0.938,0.346);0.9
0.073;(-0.959,0.284);0.8
0.090;(-0.969,0.249);0.7
0.108;(-0.974,0.227);0.6
0.125;(-0.977,0.214);0.5
0.142;(-0.979,0.206);0.4
0.160;(-0.980,0.201);0.3
0.177;(-0.980,0.199);0.2
0.195;(-0.980,0.199);0.1

Test
0.000;(0.000,0.000);1.0
0.056;(-0.938,0.346);0.9
0.073;(-0.959,0.284);0.8
0.090;(-0.969,0.249);0.7
0.108;(-0.974,0.227);0.6
0.125;(-0.977,0.214);0.5
0.142;(-0.979,0.206);0.4
0.160;(-0.980,0.201);0.3
0.177;(-0.980,0.199);0.2
0.195;(-0.980,0.199);0.1

Test
0.000;(0.000,0.000);1.0
0.056;(-0.938,0.346);0.9
0.073;(-0.959,0.284);0.8
0.090;(-0.969,0.249);0.7
0.108;(-0.974,0.227);0.6
0.125;(-0.977,0.214);0.5
0.142;(-0.979,0.206);0.4
0.160;(-0.980,0.201);0.3
0.177;(-0.980,0.199);0.2
0.195;(-0.980,0.199);0.1

Test
0.000;(0.000,0.000);1.0
0.056;(-0.938,0.346);0.9
0.073;(-0.959,0.284);0.8
0.090;(-0.969,0.249);0.7
0.108;(-0.974,0.227);0.6
0.125;(-0.977,0.214);0.5
0.142;(-0.979,0.206);0.4
0.160;(-0.980,0.201);0.3
0.177;(-0.980,0.199);0.2
0.195;(-0.980,0.199);0.1

Test
0.000;(0.000,0.000);1.0
0.056;(-0.938,0.346);0.9
0.073;(-0.959,0.284);0.8
0.090;(-0.969,0.249);0.7
0.108;(-0.974,0.227);0.6
0.125;(-0.977,0.214);0.5
0.142;(-0.979,0.206);0.4
0.160;(-0.980,0.201);0.3
0.177;(-0.980,0.199);0.2
0.195;(-0.980,0.199);0.1

Test
0.000;(0.000,0.000);1.0
0.056;(-0.938,0.346);0.9
0.073;(-0.959,0.284);0.8
0.090;(-0.969,0.249);0.7
0.108;(-0.974,0.227);0.6
0.125;(-0.977,0.214);0.5
0.142;(-0.979,0.206);0.4
0.160;(-0.980,0.201);0.3
0.177;(-0.980,0.199);0.2
0.195;(-0.980,0.199);0.1

Test
0.000;(0.000,0.000);1.0
0.055;(0.912,-0.410);0.9
0.072;(0.900,-0.436);0.8
0.084;(0.821,-0.572);0.7
0.102;(0.829,-0.559);0.6
0.119;(0.836,-0.548);0.5
0.137;(0.843,-0.538);0.4
0.154;(0.849,-0.529);0.3
0.167;(0.809,-0.587);0.2
0.185;(0.819,-0.574);0.1

Test
0.000;(0.000,0.000);1.0
0.053;(0.914,-0.406);0.9
0.070;(0.901,-0.434);0.8
0.083;(0.820,-0.573);0.7
0.100;(0.828,-0.561);0.6
0.117;(0.835,-0.550);0.5
0.135;(0.842,-0.540);0.4
0.152;(0.848,-0.530);0.3
0.165;(0.808,-0.589);0.2
0.183;(0.818,-0.575);0.1

Test
0.000;(0.000,0.000);1.0
0.053;(0.914,-0.406);0.9
0.070;(0.901,-0.434);0.8
0.083;(0.820,-0.573);0.7
0.100;(0.828,-0.561);0.6
0.117;(0.835,-0.550);0.5
0.135;(0.842,-0.540);0.4
0.152;(0.848,-0.530);0.3
0.165;(0.808,-0.589);0.2
0.183;(0.818,-0.575);0.1

Test
0.000;(0.000,0.000);1.0
0.053;(0.914,-0.406);0.9
0.070;(0.901,-0.434);0.8
0.083;(0.820,-0.573);0.7
0.100;(0.828,-0.561);0.6
0.117;(0.835,-0.550);0.5
0.135;(0.842,-0.540);0.4
0.152;(0.848,-0.530);0.3
0.165;(0.808,-0.589);0.2
0.183;(0.818,-0.575);0.1

Test
0.000;(0.000,0.000);1.0
0.053;(0.914,-0.406);0.9
0.070;(0.901,-0.434);0.8
0.083;(0.820,-0.573);0.7
0.100;(0.828,-0.561);0.6
0.117;(0.835,-0.550);0.5
0.135;(0.842,-0.540);0.4
0.152;(0.848,-0.530);0.3
0.165;(0.808,-0.589);0.2
0.183;(0.818,-0.575);0.1

Test
0.000;(0.000,0.000);1.0
0.052;(0.807,0.590);0.9
0.061;(0.934,0.358);0.8
0.067;(0.810,0.587);0.7
0.076;(0.915,0.403);0.6
0.087;(0.967,0.253);0.5
0.091;(0.901,0.434);0.4
0.102;(0.952,0.306);0.3
0.106;(0.890,0.457);0.2
0.117;(0.938,0.347);0.1

Test
0.000;(0.000,0.000);1.0
0.052;(-0.224,0.975);0.9
0.070;(-0.218,0.976);0.8
0.087;(-0.211,0.978);0.7
0.105;(-0.203,0.979);0.6
0.118;(-0.301,0.954);0.5
0.135;(-0.281,0.960);0.4
0.153;(-0.264,0.964);0.3
0.167;(-0.326,0.945);0.2
0.184;(-0.307,0.952);0.1

Test
0.000;(0.000,0.000);1.0
0.052;(-0.224,0.975);0.9
0.070;(-0.218,0.976);0.8
0.087;(-0.211,0.978);0.7
0.105;(-0.203,0.979);0.6
0.118;(-0.301,0.954);0.5
0.135;(-0.281,0.960);0.4
0.153;(-0.264,0.964);0.3
0.167;(-0.326,0.945);0.2
0.184;(-0.307,0.952);0.1

Test
0.000;(0.000,0.000);1.0
0.052;(-0.224,0.975);0.9
0.070;(-0.218,0.976);0.8
0.087;(-0.211,0.978);0.7
0.105;(-0.203,0.979);0.6
0.118;(-0.301,0.954);0.5
0.135;(-0.281,0.960);0.4
0.153;(-0.264,0.964);0.3
0.167;(-0.326,0.945);0.2
0.184;(-0.307,0.952);0.1

Test
0.000;(0.000,0.000);1.0
0.052;(-0.224,0.975);0.9
0.070;(-0.218,0.976);0.8
0.087;(-0.211,0.978);0.7
0.105;(-0.203,0.979);0.6
0.118;(-0.301,0.954);0.5
0.135;(-0.281,0.960);0.4
0.153;(-0.264,0.964);0.3
0.167;(-0.326,0.945);0.2
0.184;(-0.307,0.952);0.1

Test
0.000;(0.000,0.000);1.0
0.052;(-0.224,0.975);0.9
0.070;(-0.218,0.976);0.8
0.087;(-0.211,0.978);0.7
0.105;(-0.203,0.979);0.6
0.118;(-0.301,0.954);0.5
0.135;(-0.281,0.960);0.4
0.153;(-0.264,0.964);0.3
0.167;(-0.326,0.945);0.2
0.184;(-0.307,0.952);0.1

Test
0.000;(0.000,0.000);1.0
0.052;(-0.224,0.975);0.9
0.070;(-0.218,0.976);0.8
0.087;(-0.211,0.978);0.7
0.105;(-0.203,0.979);0.6
0.118;(-0.301,0.954);0.5
0.135;(-0.281,0.960);0.4
0.153;(-0.264,0.964);0.3
0.167;(-0.326,0.945);0.2
0.184;(-0.307,0.952);0.1

Test
0.000;(0.000,0.000);1.0
0.052;(-0.224,0.975);0.9
0.070;(-0.218,0.976);0.8
0.087;(-0.211,0.978);0.7
0.105;(-0.203,0.979);0.6
0.118;(-0.301,0.954);0.5
0.135;(-0.281,0.960);0.4
0.153;(-0.264,0.964);0.3
0.167;(-0.326,0.945);0.2
0.184;(-0.307,0.952);0.1

Test
0.000;(0.000,0.000);1.0
0.057;(-0.169,0.986);0.9
0.052;(0.140,0.990);0.8
0.063;(-0.095,0.996);0.7
0.077;(-0.248,0.969);0.6
0.087;(-0.414,0.910);0.5
0.099;(-0.534,0.846);0.4
0.113;(-0.617,0.787);0.3
0.130;(-0.634,0.773);0.2
0.147;(-0.646,0.764);0.1

Test
0.000;(0.000,0.000);1.0
0.057;(-0.169,0.986);0.9
0.052;(0.140,0.990);0.8
0.063;(-0.095,0.996);0.7
0.077;(-0.248,0.969);0.6
0.087;(-0.414,0.910);0.5
0.099;(-0.534,0.846);0.4
0.113;(-0.617,0.787);0.3
0.130;(-0.634,0.773);0.2
0.147;(-0.646,0.764);0.1

Test
0.000;(0.000,0.000);1.0
0.052;(0.026,1.000);0.9
0.065;(-0.158,0.987);0.8
0.058;(0.098,0.995);0.7
0.071;(-0.081,0.997);0.6
0.086;(-0.198,0.980);0.5
0.078;(-0.011,1.000);0.4
0.073;(0.211,0.977);0.3
0.085;(0.052,0.999);0.2
0.099;(-0.065,0.998);0.1

Test
0.000;(0.000,0.000);1.0
0.054;(-0.999,-0.035);0.9
0.071;(-0.999,0.032);0.8
0.088;(-0.997,0.076);0.7
0.086;(-0.993,-0.122);0.6
0.102;(-0.998,-0.056);0.5
0.119;(-1.000,-0.006);0.4
0.117;(-0.988,-0.153);0.3
0.133;(-0.996,-0.094);0.2
0.149;(-0.999,-0.046);0.1

Test
0.000;(0.000,0.000);1.0
0.113;(-0.617,0.787);0.9
0.130;(-0.634,0.773);0.8
0.147;(-0.646,0.764);0.7
0.165;(-0.653,0.757);0.6
0.182;(-0.658,0.753);0.5
0.199;(-0.661,0.751);0.4
0.217;(-0.662,0.750);0.3
0.234;(-0.662,0.750);0.2
0.252;(-0.661,0.750);0.1

Test
0.000;(0.000,0.000);1.0
0.114;(-0.149,0.989);0.9
0.130;(-0.210,0.978);0.8
0.146;(-0.256,0.967);0.7
0.162;(-0.290,0.957);0.6
0.179;(-0.316,0.949);0.5
0.196;(-0.337,0.942);0.4
0.213;(-0.352,0.936);0.3
0.231;(-0.364,0.932);0.2
0.243;(-0.413,0.911);0.1

Test
0.000;(0.000,0.000);1.0
0.102;(-0.998,-0.056);0.9
0.119;(-1.000,-0.006);0.8
0.117;(-0.988,-0.153);0.7
0.133;(-0.996,-0.094);0.6
0.149;(-0.999,-0.046);0.5
0.147;(-0.987,-0.163);0.4
0.163;(-0.994,-0.111);0.3
0.162;(-0.976,-0.217);0.2
0.177;(-0.986,-0.164);0.1

Test
0.000;(0.000,0.000);1.0
0.101;(-0.543,-0.840);0.9
0.108;(-0.665,-0.747);0.8
0.117;(-0.758,-0.652);0.7
0.120;(-0.656,-0.755);0.6
0.128;(-0.743,-0.669);0.5
0.131;(-0.648,-0.762);0.4
0.139;(-0.731,-0.682);0.3
0.142;(-0.642,-0.767);0.2
0.149;(-0.721,-0.693);0.1

Test
0.000;(0.000,0.000);1.0
0.102;(-0.999,0.049);0.9
0.118;(-0.995,0.096);0.8
0.135;(-0.991,0.134);0.7
0.152;(-0.986,0.165);0.6
0.169;(-0.982,0.191);0.5
0.186;(-0.977,0.214);0.4
0.203;(-0.972,0.235);0.3
0.220;(-0.967,0.254);0.2
0.237;(-0.963,0.271);0.1

Test
0.000;(0.000,0.000);1.0
0.104;(-0.720,-0.694);0.9
0.107;(-0.598,-0.801);0.8
0.115;(-0.704,-0.710);0.7
0.118;(-0.592,-0.806);0.6
0.125;(-0.691,-0.723);0.5
0.128;(-0.587,-0.810);0.4
0.135;(-0.681,-0.733);0.3
0.138;(-0.583,-0.813);0.2
0.144;(-0.672,-0.741);0.1

Test
0.000;(0.000,0.000);1.0
0.102;(0.366,-0.931);0.9
0.120;(0.384,-0.923);0.8
0.137;(0.398,-0.917);0.7
0.154;(0.411,-0.912);0.6
0.172;(0.421,-0.907);0.5
0.189;(0.430,-0.903);0.4
0.206;(0.438,-0.899);0.3
0.224;(0.446,-0.895);0.2
0.241;(0.453,-0.892);0.1

Test
0.000;(0.000,0.000);1.0
0.112;(-0.233,0.972);0.9
0.129;(-0.269,0.963);0.8
0.146;(-0.295,0.956);0.7
0.163;(-0.313,0.950);0.6
0.181;(-0.326,0.945);0.5
0.198;(-0.335,0.942);0.4
0.215;(-0.342,0.940);0.3
0.229;(-0.389,0.921);0.2
0.246;(-0.389,0.921);0.1

Test
0.000;(0.000,0.000);1.0
0.113;(-0.960,0.281);0.9
0.130;(-0.945,0.326);0.8
0.147;(-0.946,0.325);0.7
0.165;(-0.945,0.326);0.6
0.182;(-0.944,0.329);0.5
0.199;(-0.935,0.355);0.4
0.216;(-0.934,0.356);0.3
0.233;(-0.934,0.359);0.2
0.250;(-0.926,0.378);0.1

Test
0.000;(0.000,0.000);1.0
0.104;(0.008,-1.000);0.9
0.120;(0.088,-0.996);0.8
0.135;(0.151,-0.989);0.7
0.152;(0.160,-0.987);0.6
0.170;(0.169,-0.986);0.5
0.187;(0.178,-0.984);0.4
0.205;(0.187,-0.982);0.3
0.220;(0.219,-0.976);0.2
0.238;(0.225,-0.974);0.1

Test
0.000;(0.000,0.000);1.0
0.022;(0.889,-0.458);0.9
0.039;(0.927,-0.375);0.8
0.056;(0.942,-0.337);0.7
0.073;(0.904,-0.427);0.6
0.090;(0.921,-0.390);0.5
0.107;(0.932,-0.363);0.4
0.123;(0.912,-0.410);0.3
0.141;(0.923,-0.385);0.2
0.158;(0.932,-0.363);0.1

Test
0.000;(0.000,0.000);1.0
0.022;(0.889,-0.458);0.9
0.039;(0.927,-0.375);0.8
0.056;(0.942,-0.337);0.7
0.073;(0.904,-0.427);0.6
0.090;(0.921,-0.390);0.5
0.107;(0.932,-0.363);0.4
0.123;(0.912,-0.410);0.3
0.141;(0.923,-0.385);0.2
0.158;(0.932,-0.363);0.1

Test
0.000;(0.000,0.000);1.0
0.051;(0.248,-0.969);0.9
0.067;(0.362,-0.932);0.8
0.084;(0.400,-0.916);0.7
0.101;(0.428,-0.904);0.6
0.118;(0.449,-0.894);0.5
0.136;(0.467,-0.884);0.4
0.153;(0.482,-0.876);0.3
0.170;(0.496,-0.868);0.2
0.187;(0.508,-0.861);0.1

Test
0.000;(0.000,0.000);1.0
0.014;(0.917,-0.399);0.9
0.012;(0.928,0.371);0.8
0.017;(0.973,-0.230);0.7
0.016;(0.928,0.374);0.6
0.021;(0.994,-0.107);0.5
0.020;(0.927,0.375);0.4
0.025;(1.000,-0.019);0.3
0.025;(0.927,0.376);0.2
0.029;(0.748,0.664);0.1

Test
0.000;(0.000,0.000);1.0
0.101;(-0.999,0.050);0.9
0.111;(-0.998,0.055);0.8
0.121;(-0.998,0.060);0.7
0.131;(-0.998,0.065);0.6
0.141;(-0.998,0.070);0.5
0.151;(-0.997,0.075);0.4
0.161;(-0.997,0.080);0.3
0.171;(-0.996,0.085);0.2
0.181;(-0.996,0.090);0.1

Test
0.000;(0.000,0.000);1.0
0.107;(0.855,-0.518);0.9
0.117;(0.861,-0.509);0.8
0.124;(0.829,-0.559);0.7
0.134;(0.837,-0.548);0.6
0.143;(0.844,-0.537);0.5
0.151;(0.817,-0.576);0.4
0.160;(0.825,-0.565);0.3
0.170;(0.833,-0.554);0.2
0.178;(0.811,-0.586);0.1

Test
0.000;(0.000,0.000);1.0
0.104;(-0.999,0.053);0.9
0.102;(-0.999,-0.042);0.8
0.109;(-1.000,0.027);0.7
0.106;(-0.998,-0.064);0.6
0.113;(-1.000,0.003);0.5
0.120;(-0.998,0.064);0.4
0.118;(-1.000,-0.017);0.3
0.124;(-0.999,0.043);0.2
0.122;(-0.999,-0.036);0.1

Test
0.000;(0.000,0.000);1.0
0.106;(0.047,-0.999);0.9
0.110;(0.131,-0.991);0.8
0.120;(0.149,-0.989);0.7
0.130;(0.164,-0.986);0.6
0.140;(0.178,-0.984);0.5
0.149;(0.191,-0.982);0.4
0.159;(0.203,-0.979);0.3
0.169;(0.214,-0.977);0.2
0.174;(0.261,-0.965);0.1

Test
0.000;(0.000,0.000);1.0
0.110;(0.464,-0.886);0.9
0.120;(0.470,-0.883);0.8
0.130;(0.476,-0.879);0.7
0.140;(0.482,-0.876);0.6
0.150;(0.487,-0.873);0.5
0.160;(0.492,-0.870);0.4
0.169;(0.497,-0.868);0.3
0.179;(0.502,-0.865);0.2
0.189;(0.507,-0.862);0.1

Test
0.000;(0.000,0.000);1.0
0.106;(-0.150,0.989);0.9
0.115;(-0.187,0.982);0.8
0.124;(-0.218,0.976);0.7
0.134;(-0.243,0.970);0.6
0.143;(-0.264,0.964);0.5
0.153;(-0.282,0.959);0.4
0.163;(-0.297,0.955);0.3
0.172;(-0.310,0.951);0.2
0.182;(-0.321,0.947);0.1

Test
0.000;(0.000,0.000);1.0
0.103;(-0.829,0.560);0.9
0.113;(-0.832,0.555);0.8
0.123;(-0.833,0.553);0.7
0.133;(-0.835,0.551);0.6
0.143;(-0.835,0.550);0.5
0.153;(-0.836,0.549);0.4
0.163;(-0.835,0.550);0.3
0.173;(-0.835,0.550);0.2
0.183;(-0.834,0.551);0.1

Test
0.000;(0.000,0.000);1.0
0.102;(0.355,0.935);0.9
0.101;(0.445,0.896);0.8
0.108;(0.385,0.923);0.7
0.109;(0.468,0.884);0.6
0.116;(0.412,0.911);0.5
0.123;(0.361,0.932);0.4
0.131;(0.317,0.949);0.3
0.140;(0.277,0.961);0.2
0.148;(0.242,0.970);0.1

Test
0.000;(0.000,0.000);1.0
0.104;(-0.028,1.000);0.9
0.112;(-0.083,0.997);0.8
0.121;(-0.130,0.992);0.7
0.129;(-0.169,0.986);0.6
0.138;(-0.203,0.979);0.5
0.147;(-0.232,0.973);0.4
0.156;(-0.257,0.966);0.3
0.166;(-0.278,0.961);0.2
0.175;(-0.297,0.955);0.1

Test
0.000;(0.000,0.000);1.0
0.103;(-0.882,0.471);0.9
0.112;(-0.870,0.493);0.8
0.122;(-0.859,0.511);0.7
0.132;(-0.850,0.527);0.6
0.141;(-0.841,0.541);0.5
0.151;(-0.833,0.553);0.4
0.161;(-0.826,0.564);0.3
0.171;(-0.819,0.574);0.2
0.180;(-0.813,0.583);0.1

Test
0.000;(0.000,0.000);1.0
0.103;(0.720,-0.694);0.9
0.112;(0.695,-0.719);0.8
0.121;(0.673,-0.740);0.7
0.131;(0.654,-0.756);0.6
0.141;(0.638,-0.770);0.5
0.150;(0.625,-0.781);0.4
0.160;(0.613,-0.790);0.3
0.170;(0.603,-0.798);0.2
0.180;(0.594,-0.804);0.1

Test
0.000;(0.000,0.000);1.0
0.103;(-0.882,0.471);0.9
0.112;(-0.870,0.493);0.8
0.122;(-0.859,0.511);0.7
0.132;(-0.850,0.527);0.6
0.141;(-0.841,0.541);0.5
0.151;(-0.833,0.553);0.4
0.161;(-0.826,0.564);0.3
0.171;(-0.819,0.574);0.2
0.180;(-0.813,0.583);0.1

Test
0.000;(0.000,0.000);1.0
0.103;(0.720,-0.694);0.9
0.112;(0.695,-0.719);0.8
0.121;(0.673,-0.740);0.7
0.131;(0.654,-0.756);0.6
0.141;(0.638,-0.770);0.5
0.150;(0.625,-0.781);0.4
0.160;(0.613,-0.790);0.3
0.170;(0.603,-0.798);0.2
0.180;(0.594,-0.804);0.1

Test
0.000;(0.000,0.000);1.0
0.102;(0.123,-0.992);0.9
0.112;(0.142,-0.990);0.8
0.121;(0.159,-0.987);0.7
0.131;(0.173,-0.985);0.6
0.141;(0.186,-0.983);0.5
0.151;(0.197,-0.980);0.4
0.161;(0.207,-0.978);0.3
0.171;(0.217,-0.976);0.2
0.180;(0.225,-0.974);0.1

Test
0.000;(0.000,0.000);1.0
0.115;(-0.866,0.500);0.9
0.132;(-0.849,0.528);0.8
0.149;(-0.834,0.551);0.7
0.166;(-0.822,0.570);0.6
0.183;(-0.811,0.585);0.5
0.201;(-0.801,0.598);0.4
0.218;(-0.792,0.610);0.3
0.235;(-0.784,0.621);0.2
0.252;(-0.777,0.630);0.1

Test
0.000;(0.000,0.000);1.0
0.101;(0.741,-0.671);0.9
0.117;(0.696,-0.718);0.8
0.133;(0.662,-0.750);0.7
0.150;(0.636,-0.772);0.6
0.167;(0.616,-0.788);0.5
0.184;(0.600,-0.800);0.4
0.201;(0.589,-0.808);0.3
0.219;(0.580,-0.815);0.2
0.232;(0.537,-0.843);0.1

Test
0.000;(0.000,0.000);1.0
0.111;(0.143,-0.990);0.9
0.129;(0.169,-0.986);0.8
0.146;(0.192,-0.981);0.7
0.163;(0.210,-0.978);0.6
0.180;(0.226,-0.974);0.5
0.197;(0.239,-0.971);0.4
0.215;(0.251,-0.968);0.3
0.232;(0.261,-0.965);0.2
0.249;(0.271,-0.962);0.1

