Test
0.000;(0.000,0.000);1.0

Test
0.000;(0.000,0.000);1.0
1.000;(0.000,-1.000);0.9

Test
0.000;(0.000,0.000);1.0
1.000;(1.000,0.000);0.9

Test
0.000;(0.000,0.000);1.0
1.000;(0.000,-1.000);0.9

Test
0.000;(0.000,0.000);1.0

Test
0.000;(0.000,0.000);1.0
1.000;(0.000,-1.000);0.9
1.414;(-0.707,-0.707);0.8
2.236;(-0.447,-0.894);0.7
2.828;(-0.707,-0.707);0.6
3.606;(-0.555,-0.832);0.5

Test
0.000;(0.000,0.000);1.0
1.000;(0.000,-1.000);0.9
1.414;(-0.707,-0.707);0.8
2.236;(-0.447,-0.894);0.7
2.828;(-0.707,-0.707);0.6
3.606;(-0.555,-0.832);0.5
4.472;(-0.447,-0.894);0.4

Test
0.000;(0.000,0.000);1.0
1.000;(0.000,-1.000);0.9
1.414;(-0.707,-0.707);0.8
2.236;(-0.447,-0.894);0.7

Test
0.000;(0.000,0.000);1.0
1.000;(-1.000,0.000);0.9
1.414;(-0.707,0.707);0.8
2.236;(-0.447,0.894);0.7
3.162;(-0.316,0.949);0.6

Test
0.000;(0.000,0.000);1.0

Test
0.000;(0.000,0.000);1.0
1.000;(0.000,-1.000);0.9
1.414;(-0.707,-0.707);0.8
2.236;(-0.447,-0.894);0.7

Test
0.000;(0.000,0.000);1.0
1.000;(0.000,-1.000);0.9
1.414;(-0.707,-0.707);0.8
2.236;(-0.447,-0.894);0.7
2.828;(-0.707,-0.707);0.6
3.606;(-0.555,-0.832);0.5
4.243;(-0.707,-0.707);0.4
5.000;(-0.600,-0.800);0.3
5.657;(-0.707,-0.707);0.2
6.403;(-0.625,-0.781);0.1

Test
0.000;(0.000,0.000);1.0
1.000;(0.000,-1.000);0.9
1.414;(-0.707,-0.707);0.8
2.236;(-0.447,-0.894);0.7
2.828;(-0.707,-0.707);0.6
3.606;(-0.555,-0.832);0.5
4.243;(-0.707,-0.707);0.4
5.000;(-0.600,-0.800);0.3
5.657;(-0.707,-0.707);0.2
6.403;(-0.625,-0.781);0.1

Test
0.000;(0.000,0.000);1.0
1.000;(1.000,0.000);0.9
2.000;(1.000,0.000);0.8
3.000;(1.000,0.000);0.7
4.000;(1.000,0.000);0.6
5.000;(1.000,0.000);0.5
6.000;(1.000,0.000);0.4
7.000;(1.000,0.000);0.3
8.000;(1.000,0.000);0.2

Test
0.000;(0.000,0.000);1.0
1.000;(-1.000,0.000);0.9
1.414;(-0.707,0.707);0.8
2.236;(-0.447,0.894);0.7
2.828;(-0.707,0.707);0.6
3.606;(-0.555,0.832);0.5
4.243;(-0.707,0.707);0.4
5.000;(-0.600,0.800);0.3
5.657;(-0.707,0.707);0.2
6.403;(-0.625,0.781);0.1

Test
0.000;(0.000,0.000);1.0
1.000;(0.000,-1.000);0.9
1.414;(-0.707,-0.707);0.8
2.236;(-0.447,-0.894);0.7
2.828;(-0.707,-0.707);0.6
3.606;(-0.555,-0.832);0.5

Test
0.000;(0.000,0.000);1.0
1.000;(0.000,-1.000);0.9
1.414;(-0.707,-0.707);0.8
2.236;(-0.447,-0.894);0.7
2.828;(-0.707,-0.707);0.6
3.606;(-0.555,-0.832);0.5
4.472;(-0.447,-0.894);0.4

Test
0.000;(0.000,0.000);1.0
1.000;(0.000,-1.000);0.9
1.414;(-0.707,-0.707);0.8
2.236;(-0.447,-0.894);0.7

Test
0.000;(0.000,0.000);1.0
1.000;(-1.000,0.000);0.9
1.414;(-0.707,0.707);0.8
2.236;(-0.447,0.894);0.7
3.162;(-0.316,0.949);0.6

Test
0.000;(0.000,0.000);1.0

Test
0.000;(0.000,0.000);1.0
1.000;(0.000,-1.000);0.9
1.414;(-0.707,-0.707);0.8
2.236;(-0.447,-0.894);0.7

Test
0.000;(0.000,0.000);1.0
1.000;(0.000,-1.000);0.9
1.414;(-0.707,-0.707);0.8
2.236;(-0.447,-0.894);0.7
2.828;(-0.707,-0.707);0.6
3.606;(-0.555,-0.832);0.5
4.243;(-0.707,-0.707);0.4
5.000;(-0.600,-0.800);0.3
5.657;(-0.707,-0.707);0.2
6.403;(-0.625,-0.781);0.1

Test
0.000;(0.000,0.000);1.0
1.000;(0.000,-1.000);0.9
1.414;(-0.707,-0.707);0.8
2.236;(-0.447,-0.894);0.7
2.828;(-0.707,-0.707);0.6
3.606;(-0.555,-0.832);0.5
4.243;(-0.707,-0.707);0.4
5.000;(-0.600,-0.800);0.3
5.657;(-0.707,-0.707);0.2
6.403;(-0.625,-0.781);0.1

Test
0.000;(0.000,0.000);1.0
1.000;(1.000,0.000);0.9
2.000;(1.000,0.000);0.8
3.000;(1.000,0.000);0.7
4.000;(1.000,0.000);0.6
5.000;(1.000,0.000);0.5
6.000;(1.000,0.000);0.4
7.000;(1.000,0.000);0.3
8.000;(1.000,0.000);0.2

Test
0.000;(0.000,0.000);1.0
1.000;(-1.000,0.000);0.9
1.414;(-0.707,0.707);0.8
2.236;(-0.447,0.894);0.7
2.828;(-0.707,0.707);0.6
3.606;(-0.555,0.832);0.5
4.243;(-0.707,0.707);0.4
5.000;(-0.600,0.800);0.3
5.657;(-0.707,0.707);0.2
6.403;(-0.625,0.781);0.1

Test
0.000;(0.000,0.000);1.0
1.000;(0.000,-1.000);0.9
1.414;(-0.707,-0.707);0.8
2.236;(-0.447,-0.894);0.7
2.828;(-0.707,-0.707);0.6
3.606;(-0.555,-0.832);0.5

Test
0.000;(0.000,0.000);1.0
1.000;(0.000,-1.000);0.9
1.414;(-0.707,-0.707);0.8
2.236;(-0.447,-0.894);0.7
2.828;(-0.707,-0.707);0.6
3.606;(-0.555,-0.832);0.5
4.472;(-0.447,-0.894);0.4

Test
0.000;(0.000,0.000);1.0
1.000;(0.000,-1.000);0.9
1.414;(-0.707,-0.707);0.8
2.236;(-0.447,-0.894);0.7
2.828;(-0.707,-0.707);0.6
3.606;(-0.555,-0.832);0.5

Test
0.000;(0.000,0.000);1.0
1.000;(0.000,-1.000);0.9
1.414;(-0.707,-0.707);0.8
2.236;(-0.447,-0.894);0.7
2.828;(-0.707,-0.707);0.6
3.606;(-0.555,-0.832);0.5
4.472;(-0.447,-0.894);0.4

Test
0.000;(0.000,0.000);1.0
1.000;(0.000,-1.000);0.9
1.414;(-0.707,-0.707);0.8
2.236;(-0.447,-0.894);0.7

Test
0.000;(0.000,0.000);1.0
1.000;(-1.000,0.000);0.9
1.414;(-0.707,0.707);0.8
2.236;(-0.447,0.894);0.7
3.162;(-0.316,0.949);0.6

Test
0.000;(0.000,0.000);1.0
1.000;(0.000,-1.000);0.9
1.414;(-0.707,-0.707);0.8
2.236;(-0.447,-0.894);0.7
2.828;(-0.707,-0.707);0.6
3.606;(-0.555,-0.832);0.5

Test
0.000;(0.000,0.000);1.0
1.000;(0.000,-1.000);0.9
1.414;(-0.707,-0.707);0.8
2.236;(-0.447,-0.894);0.7
2.828;(-0.707,-0.707);0.6
3.606;(-0.555,-0.832);0.5
4.472;(-0.447,-0.894);0.4

Test
0.000;(0.000,0.000);1.0
1.000;(0.000,-1.000);0.9
1.414;(-0.707,-0.707);0.8
2.236;(-0.447,-0.894);0.7

Test
0.000;(0.000,0.000);1.0
1.000;(-1.000,0.000);0.9
1.414;(-0.707,0.707);0.8
2.236;(-0.447,0.894);0.7
3.162;(-0.316,0.949);0.6

Test
0.000;(0.000,0.000);1.0

Test
0.000;(0.000,0.000);1.0
1.000;(0.000,-1.000);0.9
1.414;(-0.707,-0.707);0.8
2.236;(-0.447,-0.894);0.7

Test
0.000;(0.000,0.000);1.0
1.000;(0.000,-1.000);0.9
1.414;(-0.707,-0.707);0.8
2.236;(-0.447,-0.894);0.7
2.828;(-0.707,-0.707);0.6
3.606;(-0.555,-0.832);0.5
4.243;(-0.707,-0.707);0.4
5.000;(-0.600,-0.800);0.3
5.657;(-0.707,-0.707);0.2
6.403;(-0.625,-0.781);0.1

Test
0.000;(0.000,0.000);1.0
1.000;(0.000,-1.000);0.9
1.414;(-0.707,-0.707);0.8
2.236;(-0.447,-0.894);0.7
2.828;(-0.707,-0.707);0.6
3.606;(-0.555,-0.832);0.5
4.243;(-0.707,-0.707);0.4
5.000;(-0.600,-0.800);0.3
5.657;(-0.707,-0.707);0.2
6.403;(-0.625,-0.781);0.1

Test
0.000;(0.000,0.000);1.0
1.000;(1.000,0.000);0.9
2.000;(1.000,0.000);0.8
3.000;(1.000,0.000);0.7
4.000;(1.000,0.000);0.6
5.000;(1.000,0.000);0.5
6.000;(1.000,0.000);0.4
7.000;(1.000,0.000);0.3
8.000;(1.000,0.000);0.2

Test
0.000;(0.000,0.000);1.0
1.000;(-1.000,0.000);0.9
1.414;(-0.707,0.707);0.8
2.236;(-0.447,0.894);0.7
2.828;(-0.707,0.707);0.6
3.606;(-0.555,0.832);0.5
4.243;(-0.707,0.707);0.4
5.000;(-0.600,0.800);0.3
5.657;(-0.707,0.707);0.2
6.403;(-0.625,0.781);0.1

Test
0.000;(0.000,0.000);1.0
1.000;(0.000,-1.000);0.9
1.414;(-0.707,-0.707);0.8
2.236;(-0.447,-0.894);0.7
2.828;(-0.707,-0.707);0.6
3.606;(-0.555,-0.832);0.5

Test
0.000;(0.000,0.000);1.0
1.000;(0.000,-1.000);0.9
1.414;(-0.707,-0.707);0.8
2.236;(-0.447,-0.894);0.7
2.828;(-0.707,-0.707);0.6
3.606;(-0.555,-0.832);0.5
4.472;(-0.447,-0.894);0.4

Test
0.000;(0.000,0.000);1.0
1.000;(0.000,-1.000);0.9
1.414;(-0.707,-0.707);0.8
2.236;(-0.447,-0.894);0.7

Test
0.000;(0.000,0.000);1.0
1.000;(0.000,1.000);0.9
1.414;(-0.707,0.707);0.8
2.236;(-0.447,0.894);0.7
3.162;(-0.316,0.949);0.6

Test
0.000;(0.000,0.000);1.0

Test
0.000;(0.000,0.000);1.0
1.000;(0.000,-1.000);0.9
1.414;(-0.707,-0.707);0.8
2.236;(-0.447,-0.894);0.7

Test
0.000;(0.000,0.000);1.0
1.000;(0.000,-1.000);0.9
1.414;(-0.707,-0.707);0.8
2.236;(-0.447,-0.894);0.7
2.828;(-0.707,-0.707);0.6
3.606;(-0.832,-0.555);0.5
4.243;(-0.707,-0.707);0.4
5.000;(-0.800,-0.600);0.3
5.657;(-0.707,-0.707);0.2
6.403;(-0.625,-0.781);0.1

Test
0.000;(0.000,0.000);1.0
1.000;(0.000,-1.000);0.9
1.414;(-0.707,-0.707);0.8
2.236;(-0.447,-0.894);0.7
2.828;(-0.707,-0.707);0.6
3.606;(-0.832,-0.555);0.5
4.243;(-0.707,-0.707);0.4
5.000;(-0.800,-0.600);0.3
5.657;(-0.707,-0.707);0.2
6.403;(-0.625,-0.781);0.1

Test
0.000;(0.000,0.000);1.0
1.000;(1.000,0.000);0.9
2.000;(1.000,0.000);0.8
3.000;(1.000,0.000);0.7
4.000;(1.000,0.000);0.6
5.000;(1.000,0.000);0.5
6.000;(1.000,0.000);0.4
7.000;(1.000,0.000);0.3
8.000;(1.000,0.000);0.2

Test
0.000;(0.000,0.000);1.0
1.000;(0.000,1.000);0.9
1.414;(-0.707,0.707);0.8
2.236;(-0.894,0.447);0.7
3.162;(-0.949,0.316);0.6
4.123;(-0.970,0.243);0.5
4.472;(-0.894,0.447);0.4
5.385;(-0.928,0.371);0.3
5.831;(-0.857,0.514);0.2
6.708;(-0.894,0.447);0.1

Test
0.000;(0.000,0.000);1.0
1.000;(1.000,0.000);0.9
1.414;(0.707,0.707);0.8
2.236;(0.894,0.447);0.7
2.828;(0.707,0.707);0.6
3.606;(0.555,0.832);0.5
4.243;(0.707,0.707);0.4
5.000;(0.600,0.800);0.3
5.657;(0.707,0.707);0.2
6.403;(0.625,0.781);0.1

Test
0.000;(0.000,0.000);1.0
1.000;(0.000,-1.000);0.9
1.414;(-0.707,-0.707);0.8
2.236;(-0.447,-0.894);0.7
2.828;(-0.707,-0.707);0.6
3.606;(-0.832,-0.555);0.5
4.243;(-0.707,-0.707);0.4
5.000;(-0.800,-0.600);0.3
5.657;(-0.707,-0.707);0.2
6.403;(-0.781,-0.625);0.1

Test
0.000;(0.000,0.000);1.0
1.000;(1.000,0.000);0.9
1.414;(0.707,0.707);0.8
2.236;(0.894,0.447);0.7
2.828;(0.707,0.707);0.6
3.606;(0.555,0.832);0.5
4.243;(0.707,0.707);0.4
5.000;(0.600,0.800);0.3
5.657;(0.707,0.707);0.2
6.403;(0.625,0.781);0.1

Test
0.000;(0.000,0.000);1.0
1.000;(0.000,-1.000);0.9
1.414;(0.707,-0.707);0.8
2.236;(0.447,-0.894);0.7
2.828;(0.707,-0.707);0.6
3.606;(0.832,-0.555);0.5
4.472;(0.894,-0.447);0.4
5.000;(0.800,-0.600);0.3
5.831;(0.857,-0.514);0.2
6.403;(0.781,-0.625);0.1

Test
0.000;(0.000,0.000);1.0
1.000;(0.000,-1.000);0.9
1.414;(0.707,-0.707);0.8
2.236;(0.447,-0.894);0.7
2.828;(0.707,-0.707);0.6
3.606;(0.832,-0.555);0.5
4.472;(0.894,-0.447);0.4
5.000;(0.800,-0.600);0.3
5.831;(0.857,-0.514);0.2
6.403;(0.781,-0.625);0.1

Test
0.000;(0.000,0.000);1.0
1.000;(0.000,-1.000);0.9
1.414;(0.707,-0.707);0.8
2.236;(0.447,-0.894);0.7
2.828;(0.707,-0.707);0.6
3.606;(0.832,-0.555);0.5
4.472;(0.894,-0.447);0.4
5.000;(0.800,-0.600);0.3
5.831;(0.857,-0.514);0.2
6.403;(0.781,-0.625);0.1

Test
0.000;(0.000,0.000);1.0
1.000;(0.000,-1.000);0.9
1.414;(-0.707,-0.707);0.8
2.236;(-0.447,-0.894);0.7
2.828;(-0.707,-0.707);0.6
3.606;(-0.832,-0.555);0.5
4.243;(-0.707,-0.707);0.4
5.000;(-0.800,-0.600);0.3
5.657;(-0.707,-0.707);0.2
6.403;(-0.781,-0.625);0.1

Test
0.000;(0.000,0.000);1.0
1.000;(0.000,1.000);0.9
1.414;(-0.707,0.707);0.8
2.236;(-0.894,0.447);0.7
3.162;(-0.949,0.316);0.6
4.123;(-0.970,0.243);0.5
4.472;(-0.894,0.447);0.4
5.385;(-0.928,0.371);0.3
5.831;(-0.857,0.514);0.2
6.708;(-0.894,0.447);0.1

Test
0.000;(0.000,0.000);1.0
1.000;(1.000,0.000);0.9
1.414;(0.707,0.707);0.8
2.236;(0.894,0.447);0.7
2.828;(0.707,0.707);0.6
3.606;(0.555,0.832);0.5
4.243;(0.707,0.707);0.4
5.000;(0.600,0.800);0.3
5.657;(0.707,0.707);0.2
6.403;(0.625,0.781);0.1

Test
0.000;(0.000,0.000);1.0
1.000;(0.000,-1.000);0.9
1.414;(0.707,-0.707);0.8
2.236;(0.447,-0.894);0.7
2.828;(0.707,-0.707);0.6
3.606;(0.832,-0.555);0.5
4.472;(0.894,-0.447);0.4
5.000;(0.800,-0.600);0.3
5.831;(0.857,-0.514);0.2
6.403;(0.781,-0.625);0.1

Test
0.000;(0.000,0.000);1.0
1.000;(0.000,-1.000);0.9
1.414;(0.707,-0.707);0.8
2.236;(0.447,-0.894);0.7
2.828;(0.707,-0.707);0.6
3.606;(0.832,-0.555);0.5
4.472;(0.894,-0.447);0.4
5.000;(0.800,-0.600);0.3
5.831;(0.857,-0.514);0.2
6.403;(0.781,-0.625);0.1

Test
0.000;(0.000,0.000);1.0
1.000;(0.000,-1.000);0.9
1.414;(-0.707,-0.707);0.8
2.236;(-0.447,-0.894);0.7
2.828;(-0.707,-0.707);0.6
3.606;(-0.832,-0.555);0.5
4.243;(-0.707,-0.707);0.4
5.000;(-0.800,-0.600);0.3
5.657;(-0.707,-0.707);0.2
6.403;(-0.781,-0.625);0.1

Test
0.000;(0.000,0.000);1.0
1.000;(0.000,1.000);0.9
1.414;(-0.707,0.707);0.8
2.236;(-0.894,0.447);0.7
3.162;(-0.949,0.316);0.6
4.123;(-0.970,0.243);0.5
4.472;(-0.894,0.447);0.4
5.385;(-0.928,0.371);0.3
5.831;(-0.857,0.514);0.2
6.708;(-0.894,0.447);0.1

Test
0.000;(0.000,0.000);1.0
1.000;(1.000,0.000);0.9
1.414;(0.707,0.707);0.8
2.236;(0.894,0.447);0.7
2.828;(0.707,0.707);0.6
3.606;(0.555,0.832);0.5
4.243;(0.707,0.707);0.4
5.000;(0.600,0.800);0.3
5.657;(0.707,0.707);0.2
6.403;(0.625,0.781);0.1

Test
0.000;(0.000,0.000);1.0
1.000;(0.000,-1.000);0.9
1.414;(0.707,-0.707);0.8
2.236;(0.447,-0.894);0.7
2.828;(0.707,-0.707);0.6
3.606;(0.832,-0.555);0.5
4.472;(0.894,-0.447);0.4
5.000;(0.800,-0.600);0.3
5.831;(0.857,-0.514);0.2
6.403;(0.781,-0.625);0.1

