Test
0.000;(0.000,0.000);1.0
0.131;(-0.483,-0.876);0.9
0.174;(-0.444,-0.896);0.8
0.216;(-0.404,-0.915);0.7
0.259;(-0.364,-0.931);0.6
0.301;(-0.323,-0.946);0.5
0.342;(-0.282,-0.960);0.4
0.383;(-0.239,-0.971);0.3
0.423;(-0.197,-0.980);0.2
0.462;(-0.154,-0.988);0.1

Test
0.000;(0.000,0.000);1.0

Test
0.000;(0.000,0.000);1.0
0.120;(-0.954,-0.300);0.9
0.158;(-0.988,-0.151);0.8
0.197;(-0.999,-0.042);0.7
0.237;(-0.999,0.046);0.6
0.276;(-0.993,0.121);0.5
0.315;(-0.982,0.188);0.4
0.353;(-0.969,0.248);0.3
0.391;(-0.952,0.305);0.2
0.428;(-0.934,0.357);0.1

